_bad	0	0.176719	0.0772793	0.176528	-0.146209	-0.197231	-0.15192	-0.161636	0.163466	0.0773451	-0.0884311	-0.0737678	0.187221	-0.153322	0.0955034	-0.155247	-0.186761	0.0503688	0.0357767	-0.102252	0.206	-0.0807179	-0.167056	0.170275	-0.180537	0.180251	-0.164724	-0.0893679	-0.116098	0.176475	0.185474	-0.170367	-0.0947472	-0.089933	0.0936419	-0.0924359	-0.106276	-0.102438	-0.0885655	-0.106098	-0.181575	-0.162386	0.171109	0.18473	-0.18854	-0.0915819	0.168457	0.068782	-0.176072	0.0754051	-0.0969979
1	0.166152	0.0976596	0.179594	-0.133259	-0.190225	-0.134054	-0.165987	0.17693	0.0807695	-0.118649	-0.082375	0.183527	-0.166551	0.118289	0.0638255	-0.186326	0.0611229	0.0376595	-0.138446	0.200861	-0.101289	0.0553719	0.164457	-0.179376	0.18048	0.109829	-0.117192	-0.173651	-0.123331	0.185891	-0.162434	0.123101	-0.121589	-0.138016	0.153873	0.109823	-0.0811875	0.0971725	0.0971038	-0.185634	-0.122286	0.17302	0.18496	-0.18542	-0.12155	-0.111208	0.100091	-0.174713	0.114803	-0.131754
2	-0.110658	-0.147215	0.184346	-0.148963	0.125364	-0.149791	-0.177001	0.182613	-0.0464886	-0.104813	-0.081372	0.188723	-0.169285	0.1154	-0.158039	-0.189596	0.0575421	0.0423128	-0.116515	0.203272	-0.0936944	-0.0107177	0.170274	0.107626	0.183707	0.111756	-0.104599	-0.177297	0.180506	0.188442	0.0765628	0.137102	-0.11132	0.112411	-0.107876	0.112024	-0.108575	-0.0988824	-0.118789	-0.188375	-0.157953	0.181174	0.187134	-0.192344	-0.114782	0.17415	0.0825844	-0.180484	0.102572	-0.119916
3	0.179652	0.0754662	0.177786	-0.150699	-0.198373	-0.157321	-0.159609	0.163444	0.0795307	-0.0893351	-0.0769101	0.188883	-0.153102	0.100607	-0.159826	-0.186047	0.0473059	0.0325102	-0.10215	0.206265	-0.0816404	-0.164159	0.174182	-0.18306	0.178215	-0.161799	-0.0864872	-0.114844	0.178111	0.185915	-0.17053	-0.0969754	-0.0899619	0.0926627	-0.0891136	-0.103084	-0.102661	-0.0877911	-0.103058	-0.178435	-0.161273	0.173993	0.182088	-0.188199	-0.0870259	0.166599	0.0644452	-0.175366	0.0731833	-0.091009
4	-0.0885769	0.090924	-0.144552	-0.147503	-0.192266	-0.15021	-0.190182	0.197497	0.0733469	-0.124237	-0.0761741	0.190707	0.128032	0.124713	-0.156692	-0.190174	0.053897	0.032652	-0.144491	0.205405	-0.0879103	-0.152518	0.166922	-0.183431	0.183516	0.111511	-0.119881	0.135593	0.183967	-0.140718	-0.160509	-0.109226	-0.134417	0.133408	-0.115997	-0.142282	-0.0635092	-0.0946694	-0.130418	0.149471	-0.162889	-0.131903	-0.138415	0.12505	0.147429	0.174319	0.0777117	-0.177508	0.098097	-0.145601
5	0.165938	-0.139057	0.182518	-0.128738	0.127917	-0.136315	-0.180065	0.180478	0.0787083	-0.143437	-0.0796031	-0.123494	-0.181391	-0.137807	0.0766247	-0.187463	0.0596276	0.0345029	-0.141075	0.202395	-0.116043	-0.123724	-0.0995658	-0.183099	0.182245	0.108287	-0.136862	0.108931	0.17783	-0.137159	-0.151249	0.115667	-0.147247	-0.124377	-0.13307	-0.129837	-0.0995513	-0.120115	0.105695	0.129973	-0.138527	-0.106864	0.18503	-0.187121	-0.129054	0.170419	0.11507	-0.175866	0.137274	-0.171156
6	0.161248	0.144987	0.177424	0.0909284	-0.174012	-0.117462	0.142117	0.194176	0.0741594	0.0764371	0.110001	-0.149102	-0.179676	-0.129167	0.108403	0.145158	-0.0746438	0.0530702	0.0976457	-0.185888	-0.141918	0.110566	0.159628	0.14146	-0.139382	0.119203	0.133075	-0.193608	0.180463	0.183928	0.090562	-0.156435	-0.187774	0.181617	0.15362	0.113547	-0.101135	-0.14923	0.0918814	0.15085	0.0726004	0.187864	-0.155083	-0.172913	-0.166871	0.153262	-0.0919996	0.136849	-0.127994	0.0877482
7	0.163462	0.140601	0.180451	-0.132328	-0.185917	-0.140907	0.138176	-0.114946	0.0167846	-0.157286	-0.0757064	0.177114	0.094815	0.167088	-0.148856	-0.187545	0.0535357	0.0343762	-0.184489	0.166202	0.120614	-0.137609	-0.11776	-0.181598	-0.121348	0.105712	-0.157355	0.0699536	-0.12825	-0.138346	0.0918612	-0.156523	-0.191326	0.166935	0.163887	-0.178486	-0.0166701	-0.127322	-0.156207	0.139224	-0.105316	-0.128288	0.181461	-0.171133	0.128419	-0.108507	-0.0745084	-0.180087	-0.125482	-0.187126
8	0.160774	-0.129049	0.17974	-0.126417	-0.17582	-0.12122	-0.173734	-0.145584	0.0805845	-0.141362	-0.0909313	-0.126609	0.102095	0.158058	-0.125614	0.134709	-0.0954008	0.0379105	-0.15656	-0.171381	0.115875	0.099109	-0.102631	0.114998	0.181281	-0.174875	-0.153665	-0.186064	-0.122549	-0.147477	-0.147487	0.141314	-0.172749	0.153102	0.160908	0.114434	-0.105382	-0.126938	0.0959119	-0.184348	-0.103246	-0.127088	-0.134224	-0.179684	-0.133933	0.165124	-0.118144	-0.178747	0.141583	-0.171995
9	-0.119393	-0.128748	-0.135926	-0.102652	0.146181	-0.116001	0.144401	-0.132083	-0.0326773	0.0997357	-0.109736	-0.148745	0.0919651	-0.133506	-0.104884	0.153939	-0.117246	0.0382717	0.0983728	-0.185939	-0.146526	0.0962182	0.150853	-0.179497	0.186353	0.135992	-0.169752	-0.195394	0.174988	-0.162617	0.11097	0.128757	-0.188666	0.186649	0.1453	0.121806	-0.0945396	-0.145596	-0.186656	-0.186514	0.060176	-0.13697	-0.154504	-0.169106	-0.156669	0.153298	0.146249	-0.18154	-0.117417	0.111176
10	0.159951	-0.134555	-0.144934	-0.116253	0.13036	-0.125728	0.133573	0.193202	0.0951103	-0.160636	-0.101219	-0.135075	-0.186457	0.156328	-0.131115	0.142934	-0.0945732	0.0403136	-0.151139	0.189735	-0.130725	0.0605394	0.167204	0.126531	0.185423	0.106548	0.147338	0.103502	0.180218	0.188325	-0.152611	-0.1351	-0.187898	0.14759	-0.147633	0.0960739	0.0179701	0.108507	0.0952662	-0.186144	-0.0977433	0.182413	-0.141681	-0.185191	0.117087	0.171905	-0.0599794	0.130214	0.138281	-0.16676
11	-0.111949	-0.129369	-0.122948	-0.121832	0.136642	-0.119206	-0.170937	-0.132044	0.103338	-0.174549	-0.136829	-0.137001	-0.174232	0.186621	0.10269	0.149032	0.100693	0.0362785	-0.171797	-0.167783	0.0906547	0.0864725	0.164308	0.124763	-0.134228	0.118316	-0.171089	-0.196746	0.172626	-0.151613	0.106794	0.126969	-0.185866	-0.137607	-0.162189	-0.144799	-0.0869935	0.101408	-0.173725	-0.191358	-0.121605	-0.128659	-0.161423	0.114212	-0.136759	0.153106	-0.100642	-0.18007	-0.131966	0.137879
12	0.166837	0.133679	0.174935	-0.123148	-0.181056	-0.137265	-0.180355	0.188827	0.0789078	-0.144849	-0.0805072	-0.133204	0.116981	0.144891	-0.148602	0.145046	-0.0737133	0.0346208	0.12586	0.196374	0.113552	-0.117585	-0.107381	-0.182417	0.178447	-0.167762	0.132611	-0.155776	-0.121445	0.185618	-0.153341	0.127549	-0.173008	0.14434	-0.145274	0.109065	-0.0990366	-0.120989	-0.156729	0.142442	-0.112318	0.178998	-0.131523	0.119152	-0.137081	0.159978	0.111048	0.138049	0.138943	0.108664
13	0.153956	-0.142752	-0.130307	-0.0983992	-0.180347	-0.0890032	0.147751	0.186361	0.0799105	0.128291	0.0651253	0.181192	0.101303	-0.121964	-0.130115	-0.180555	-0.0485879	0.0352843	0.125555	-0.16905	0.0234868	-0.113658	0.158664	-0.177833	-0.145262	-0.167994	-0.161984	0.114507	0.177615	-0.158994	-0.143624	-0.15045	-0.163256	0.178825	-0.164809	0.103561	0.0226256	0.0867537	-0.172215	-0.183262	0.0485324	-0.121289	0.180504	-0.178087	0.122113	0.162688	0.133265	-0.17306	0.152774	-0.170578
14	-0.112643	0.152181	0.172907	-0.0994263	-0.171945	-0.0935872	-0.174496	0.186593	0.0968975	-0.164754	0.0656261	0.175579	0.109656	-0.12589	0.10878	-0.179652	-0.111722	0.0410759	0.119367	-0.162808	-0.139323	0.126678	0.158241	0.134574	0.178254	-0.165368	0.122556	-0.188652	-0.117827	-0.149228	-0.148024	-0.154901	-0.17398	0.180241	0.152823	0.105391	-0.101692	-0.140446	0.0903988	-0.181858	-0.102428	-0.134574	-0.141149	-0.172039	0.126865	-0.121585	0.135407	-0.178151	-0.0943429	0.12373
15	-0.125741	-0.159245	-0.118908	-0.150845	-0.17676	0.0201114	-0.193073	-0.119473	-0.0789185	-0.173565	-0.117636	-0.124243	-0.165897	0.155559	0.0944215	0.14181	0.0942752	0.0456733	-0.190186	-0.191885	0.139241	0.065826	-0.118922	0.123855	-0.138613	0.104965	-0.141426	-0.197845	0.165013	-0.136666	0.099378	-0.126709	0.110918	0.170171	-0.135848	-0.180416	-0.105449	-0.129016	0.12129	0.147073	-0.128178	0.197601	-0.146748	-0.189438	0.152813	-0.111924	-0.113413	0.128651	0.194394	-0.147074
16	0.162759	0.154268	0.172267	0.0919075	-0.165566	0.089502	0.152557	-0.137796	-0.0575946	0.127647	0.108946	-0.132426	0.0854906	-0.116473	0.10805	-0.185178	-0.0570685	0.0619217	-0.179199	-0.169629	-0.15159	-0.117589	0.161922	0.130314	0.180982	-0.172812	0.133492	0.125232	0.175273	0.183503	-0.14723	-0.164019	0.127593	0.165923	0.155845	-0.14993	0.0300081	-0.153002	-0.181283	-0.184372	-0.103139	0.186288	-0.139345	0.139187	-0.139767	-0.118425	0.136418	0.121302	-0.132567	0.103133
17	0.115711	-0.129019	-0.160814	0.0463049	0.151955	-0.12526	0.13933	0.18034	-0.0641078	-0.13495	-0.117719	-0.130166	-0.188316	0.190079	-0.129977	0.12301	0.077284	0.0820436	0.141881	0.153686	-0.148382	-0.132366	-0.111991	0.107301	0.192449	0.111142	0.14678	-0.194136	-0.104864	0.174313	0.0987184	0.136059	-0.136936	0.146165	-0.165328	-0.178544	-0.0918808	-0.0736115	-0.16136	0.134677	0.0807127	0.193746	-0.148508	-0.164952	0.144375	0.154871	-0.128997	-0.182805	0.185846	0.126847
18	-0.129114	0.178499	-0.148326	-0.127314	0.142359	-0.0689096	0.125666	-0.129124	-0.0570271	0.116493	-0.124178	0.170316	-0.181194	-0.113677	-0.123177	-0.189108	0.111187	0.077378	0.0500568	0.173591	0.120579	-0.127038	-0.145654	-0.186282	0.17321	0.138061	-0.190867	-0.177447	-0.11677	-0.147832	0.108775	-0.166423	-0.199802	-0.0671661	0.155284	0.10461	0.0289952	0.117862	-0.188278	-0.180416	0.0869576	0.185525	-0.139345	0.13475	0.138954	-0.132812	0.151927	0.130901	0.165607	0.147964
19	-0.119629	0.122215	-0.143037	0.0218016	0.144891	0.0419172	0.152573	-0.164643	-0.0605111	-0.154578	0.126466	-0.145138	-0.172022	-0.147889	-0.12988	0.139599	0.0894174	0.07902	-0.199131	0.19121	-0.165558	0.098086	0.104969	-0.186118	0.203332	0.124155	-0.128451	0.161716	-0.153458	0.188557	0.100903	-0.128888	0.116785	-0.148908	-0.14876	-0.15666	0.0675407	-0.109975	-0.145692	-0.188998	0.102804	-0.119174	-0.131668	-0.191549	-0.169738	-0.125616	-0.103777	-0.180023	0.138271	0.155001
20	-0.188985	0.0240602	-0.136699	-0.00608203	-0.27517	0.119164	0.253587	0.103368	0.0571148	0.278372	0.117775	-0.243222	-0.192311	0.230846	0.0769909	0.19812	0.153426	0.0729849	0.0728969	0.192818	0.228927	-0.29199	-0.131836	-0.159126	0.268762	0.104572	-0.0196549	-0.0265481	0.332637	0.138391	0.277253	-0.0960864	0.156554	0.102384	-0.301876	-0.231295	0.129962	0.107159	-0.127966	-0.16265	-0.0657806	0.300355	0.162614	0.255306	-0.307007	0.133104	0.0739721	-0.16578	0.16972	0.13814
21	0.0111858	0.124964	-0.0658529	-0.0160245	-0.297513	0.224216	-0.110118	-0.266665	-0.174257	0.327784	-0.078589	0.148839	-0.0888586	0.174622	0.13086	-0.0319996	0.140813	0.00200151	-0.263609	-0.153933	0.117442	-0.144506	-0.131977	-0.19583	0.144474	0.0246363	-0.132084	-0.118663	0.167829	-0.166693	0.25932	-0.165688	-0.156453	0.326911	-0.0869447	-0.0371368	-0.268547	-0.228048	-0.117717	0.289739	0.150098	-0.019344	0.0494809	0.173737	-0.227526	-0.0949209	-0.3297	-0.25865	0.196754	0.0565028
22	-0.263706	-0.327162	-0.134651	-0.263059	0.227906	0.0360099	0.194622	0.246101	-0.120897	0.245488	-0.332928	0.207516	-0.161062	0.14795	0.134242	0.334461	0.145377	0.154749	-0.30341	0.314937	0.0958201	-0.270809	-0.127756	0.28661	-0.256116	-0.229403	0.0357919	-0.0265296	-0.249458	-0.110788	-0.089359	0.334126	0.282544	0.27082	-0.276709	0.100115	0.344092	-0.182644	0.0978806	-0.323913	0.312505	0.263482	0.305096	-0.0701951	0.0574746	0.333424	-0.284511	0.0299209	0.264395	0.0306139
23	-0.314156	-0.126541	0.0338211	-0.182442	0.335858	0.175223	-0.236241	0.228996	-0.16356	0.218785	0.307951	-0.16073	-0.326497	0.19744	-0.203964	-0.10154	-0.047551	-0.168643	-0.106839	-0.298399	-0.014462	0.188788	0.0219923	0.0124217	0.00483461	-0.294766	0.331664	-0.00843384	-0.155631	0.334817	0.249793	0.100513	0.133605	0.278374	0.238919	-0.104154	-0.233045	0.308256	-0.171034	-0.279217	0.041801	0.133547	0.239736	0.0583658	0.222831	0.0484264	-0.184696	-0.068051	-0.225219	0.241849
24	0.283757	-0.104218	0.335217	-0.152231	0.286314	-0.0841496	-0.193182	-0.107682	-0.268076	-0.237551	0.045903	-0.254249	-0.265081	-0.164592	-0.25784	0.242834	0.214527	0.344279	0.202029	0.30815	0.00584352	0.228355	-0.212802	0.249607	0.175102	-0.0259634	-0.128723	-0.0575048	0.146822	0.0153939	0.144223	0.217954	-0.193202	0.260514	-0.107414	-0.165616	-0.0406821	0.0509128	-0.287536	-0.189545	-0.246549	-0.0603396	0.191593	-0.122929	0.0850746	-0.254543	0.331559	0.212011	-0.189586	-0.188935
25	-0.132902	0.143783	0.0142924	-0.0763953	-0.0599859	0.0594918	-0.295964	0.0532082	0.0490493	0.281627	0.250726	0.139366	0.282714	-0.314746	-0.12901	0.310056	-0.171911	0.290681	0.319755	0.148333	0.0694811	-0.181777	0.159524	-0.222345	-0.193585	-0.0818222	0.240723	-0.00564218	-0.0887323	0.284677	-0.0843437	0.0620908	0.105877	0.130457	-0.079431	0.0960653	0.328392	0.0949874	0.148565	-0.276561	-0.238381	-0.264451	-0.0665535	-0.0520688	-0.241388	0.301394	0.152914	-0.0949976	0.273012	0.319573
26	0.221514	0.285234	0.186425	-0.0722011	-0.326005	0.262862	0.147537	0.0978413	0.181591	-0.29337	0.301275	0.213224	-0.312818	-0.254479	-0.162881	0.237052	0.137457	0.303292	-0.258787	-0.151338	-0.286945	0.144411	-0.253542	0.0918835	0.0407822	0.12446	-0.127684	-0.0865476	-0.0172908	-0.0548117	0.31936	0.0630647	0.250463	0.192339	-0.281774	-0.19504	0.138626	-0.043127	0.0470705	0.298305	0.233781	-0.261168	0.203928	0.096426	0.0140232	-0.0655567	-0.288236	0.0860052	0.0384124	-0.243643
27	0.0851437	-0.147677	-0.280446	0.050904	-0.298185	0.0204212	-0.313657	0.31308	0.192143	0.179095	-0.27016	0.291251	0.0984197	0.00968927	-0.0466256	-0.053228	0.051922	0.154684	0.277353	-0.15384	0.069383	0.0553905	-0.315821	-0.091739	0.053598	-0.313346	0.0531935	-0.0301573	0.0342439	0.339018	0.0361143	0.0912126	0.149106	0.291359	-0.241951	-0.0902183	-0.327678	-0.0769424	-0.284072	-0.188541	-0.0599906	0.331022	0.110108	-0.235372	0.0877935	0.301537	-0.0839055	-0.0279441	0.149582	-0.0500517
28	-0.146672	-0.122067	-0.260528	-0.0557746	0.244528	-0.314121	-0.0618116	-0.224499	0.000883768	0.231945	0.0697959	-0.0742288	0.196924	-0.173763	-0.238798	0.311916	-0.235054	-0.158557	0.0490688	-0.144732	-0.0640321	0.342208	0.0699367	-0.0515434	0.107295	0.304354	-0.274009	0.0414359	-0.314667	0.345356	0.0125796	-0.10427	-0.330987	0.345803	0.314419	0.193516	-0.183887	0.274602	0.29211	0.11534	-0.293115	0.0617971	0.122875	0.200765	0.2407	-0.0955206	-0.211165	0.0993616	0.0230311	0.312729
29	0.183865	0.218968	-0.193401	-0.182585	-0.19618	0.342603	-0.255641	0.0390046	0.183497	0.0642759	-0.152979	0.104555	-0.0113318	-0.342193	0.180401	-0.188577	-0.0663556	-0.00731569	0.110618	-0.240292	-0.182329	0.112142	0.0602305	-0.160374	0.151536	0.093637	0.233761	0.229936	0.0601488	0.185525	-0.224066	0.0584836	-0.225016	-0.316008	-0.172907	-0.0403923	0.0956805	-0.293061	0.0836071	0.214857	0.205854	0.16579	-0.0521754	0.0196178	0.0792217	-0.0588231	0.111513	-0.0459779	-0.145771	0.263236
_good	0	-0.0344789	0.169314	0.14276	0.147793	-0.129641	0.151617	-0.148691	0.153406	-0.0580607	-0.178724	0.0836581	0.134116	-0.143484	0.17537	-0.099823	-0.130224	0.164007	0.0174943	0.113754	0.122326	-0.169834	0.150352	0.128372	-0.125548	0.142715	-0.134332	-0.172961	-0.164777	0.141636	0.129623	-0.107482	0.125377	-0.169193	0.175957	-0.168842	-0.164	-0.0636448	-0.170666	0.106308	0.122522	0.161356	0.147237	0.13019	0.114986	-0.16634	0.128458	0.172936	-0.134406	0.18318	-0.165654
1	0.111968	0.162491	0.127789	0.149764	-0.121738	0.147434	-0.141058	0.142263	0.133221	-0.164801	-0.15552	0.12254	-0.140773	0.174176	-0.0987167	-0.123987	0.161494	0.0114422	-0.158669	0.120771	-0.165443	0.152697	0.127887	-0.118506	0.122756	-0.125886	-0.17221	-0.158261	0.134916	0.125704	-0.0933359	-0.162639	-0.161518	0.158802	-0.154463	-0.146889	-0.0562847	-0.159796	-0.160755	-0.127948	0.167584	0.123822	0.121561	-0.127621	-0.165804	0.119298	0.168032	-0.130278	0.169426	-0.163117
2	-0.0960233	0.166673	0.145304	-0.077532	-0.127797	0.150325	-0.147852	0.169068	-0.08252	-0.175129	-0.156765	-0.13555	-0.142307	-0.142865	-0.0973565	-0.132075	0.160262	0.0163256	0.134528	-0.142054	-0.167137	0.147677	0.125487	-0.122856	0.149451	-0.13871	0.131139	-0.163375	0.144275	0.12666	-0.106295	-0.170174	-0.166813	0.174012	-0.165603	-0.162341	-0.0666396	-0.168434	-0.16411	-0.140713	-0.0982907	-0.141611	-0.128143	-0.126262	-0.163901	0.128436	-0.132397	-0.133957	0.179646	-0.16274
3	0.108832	0.171976	0.132466	0.154818	-0.121821	0.162221	-0.140756	0.1457	0.134528	-0.178598	-0.162524	0.128129	-0.138591	-0.108331	-0.0967952	-0.124852	0.170586	0.0140854	-0.166623	0.115934	-0.172947	0.160018	0.12489	-0.12006	0.133986	-0.128058	-0.172997	-0.163053	-0.106555	0.12064	-0.102675	-0.176341	-0.16764	0.175912	0.118802	0.105748	-0.0623177	-0.17399	-0.166771	0.134971	0.166571	0.140643	0.122184	-0.119244	-0.16571	0.123582	-0.106893	-0.126515	0.183213	-0.163413
4	0.110932	0.169068	0.131574	0.149488	-0.121512	0.156882	-0.1387	0.141171	0.13123	-0.173921	-0.157352	0.127724	-0.136688	0.173155	-0.0959967	-0.121885	0.16777	0.0125996	-0.161709	0.116257	-0.168749	0.154579	0.123108	-0.119302	0.132413	-0.122859	-0.170231	-0.158273	-0.0844591	-0.129042	-0.105722	0.0826283	-0.164921	0.173379	-0.165834	-0.158861	-0.0615197	-0.167988	-0.163797	0.0852532	0.162594	0.137929	0.119363	-0.118012	-0.163564	0.124366	0.171191	0.148648	0.179196	-0.160977
5	0.110176	0.170698	0.139484	0.149015	-0.123344	0.153316	-0.151723	-0.138882	-0.0162486	-0.177398	-0.156934	0.13012	-0.143924	-0.142772	-0.0952208	-0.129297	-0.110296	0.0160184	-0.167189	0.118664	-0.170496	0.152078	0.127143	0.109995	0.149194	0.112364	-0.172182	-0.165012	0.137793	-0.145089	-0.104786	-0.1724	0.118753	0.175195	-0.167825	-0.16422	-0.06224	-0.171391	-0.166006	-0.133599	0.162492	0.144926	0.124204	-0.120598	-0.165644	0.125103	-0.110296	-0.133639	0.18047	-0.1637
6	0.1094	0.168253	0.142385	0.147989	-0.126567	0.153041	-0.156202	0.15271	0.131801	-0.175239	0.103122	0.135315	-0.143903	0.172215	-0.0958529	0.134278	-0.108302	0.0170707	-0.167793	-0.139269	-0.168828	0.152255	0.12621	-0.123664	0.138703	-0.132339	-0.171101	0.13146	0.142021	0.129881	-0.106335	-0.172159	0.139988	0.174224	0.143276	-0.164144	-0.0636178	-0.169512	-0.165109	-0.138709	-0.0833222	0.147132	0.127145	-0.122773	0.129257	-0.106862	0.170891	-0.138125	0.18035	-0.162906
7	0.107232	0.171161	-0.128902	0.152401	-0.122856	0.157695	-0.145391	0.14948	0.132535	-0.178334	-0.158672	0.128343	0.139435	0.175645	-0.0967365	-0.124609	0.165981	0.0132829	-0.167178	0.116387	0.131144	0.156372	0.122284	-0.11937	0.134745	-0.128575	-0.174641	-0.164356	0.137102	0.12193	-0.102497	0.125455	-0.168272	0.175373	-0.16755	0.102915	-0.0603991	-0.172368	0.100454	-0.132408	0.164621	0.142206	0.121939	0.129485	-0.167398	0.122488	0.175393	-0.12933	-0.149765	-0.163933
8	0.108573	-0.097267	-0.112299	0.150664	-0.122608	0.158403	-0.146122	0.161031	0.132315	-0.178953	-0.156845	0.128888	-0.140994	0.175048	-0.0963982	-0.126872	0.168186	0.0135341	0.0845452	0.116082	-0.170178	0.15636	0.124174	-0.120908	0.136222	-0.129875	-0.173615	0.101331	0.135727	0.123668	-0.10306	0.11529	-0.168202	0.176263	0.12578	-0.163045	-0.0613525	-0.173336	-0.165778	0.14561	0.164349	-0.129395	0.122859	-0.121581	-0.166777	-0.171959	0.174978	-0.129165	0.183798	-0.164202
9	0.109315	0.168395	-0.131996	-0.0963671	-0.129705	0.151892	0.133704	0.1653	-0.0168352	-0.176797	-0.155214	-0.128469	-0.152688	0.172475	-0.101079	-0.13082	-0.117004	0.0178862	-0.169449	0.122013	-0.167614	0.150473	0.125528	-0.123026	0.154148	-0.147748	-0.169562	-0.167309	0.138902	0.142309	-0.105576	0.122089	-0.168454	0.173659	-0.166652	-0.1677	-0.0617253	-0.166896	-0.163704	0.129768	0.159868	-0.134476	0.128364	-0.1227	-0.165726	-0.106019	-0.130493	-0.145555	0.181375	0.116035
10	-0.0969676	0.165994	0.151484	0.146439	-0.129271	0.148822	-0.154692	0.163888	0.12793	-0.174476	0.0997815	-0.135149	-0.148908	0.172331	-0.0951813	-0.131538	-0.108097	0.0147314	-0.168062	-0.135996	0.129037	0.149782	0.121867	-0.123358	0.140503	-0.135977	-0.169982	-0.169413	0.14869	0.12973	-0.112037	-0.170245	0.14336	-0.145662	0.147766	-0.165365	-0.0627845	-0.166108	-0.162971	-0.143139	-0.0990059	-0.144412	0.128211	-0.124916	0.140884	0.127197	0.167297	-0.142594	-0.167348	-0.164499
11	-0.0768036	-0.130506	0.154501	0.147815	-0.124818	0.152431	-0.177439	0.182676	0.126724	0.127259	-0.151466	0.128602	-0.167418	-0.139311	-0.0919877	0.128284	0.159658	0.0140137	-0.170316	0.116697	-0.168293	0.153515	0.122968	-0.122855	0.146976	-0.138801	-0.172397	-0.177367	-0.122291	0.138389	-0.10518	0.141781	-0.172703	-0.150028	-0.168768	0.0958277	-0.0606092	-0.166723	-0.16577	-0.133933	-0.0821183	0.151311	0.12748	-0.123536	0.128913	0.122585	0.171176	0.128234	0.182147	-0.165068
12	0.107663	0.166287	0.146855	-0.0949855	0.130048	0.149302	-0.159031	0.175921	-0.0706053	-0.173556	-0.153904	0.13405	-0.161535	-0.140643	0.0483146	0.152172	0.15883	0.0181435	-0.169381	0.123157	0.100893	0.145503	0.123985	-0.125952	0.154384	-0.156431	0.130902	-0.173507	-0.129481	0.141174	-0.1146	-0.17079	-0.169843	0.174471	-0.167423	-0.165913	-0.0663809	0.126463	0.115578	-0.143966	0.15804	-0.150057	0.133698	-0.12686	-0.16723	0.125713	-0.127498	0.13103	0.180633	0.139435
13	0.108468	-0.116709	-0.123139	0.148929	-0.123691	0.154026	-0.159319	0.172984	0.130232	0.141796	-0.154429	0.130492	-0.144343	-0.137245	-0.0968034	-0.131637	0.16328	0.0135171	-0.166728	0.11719	-0.168375	0.152678	-0.0885949	-0.122377	0.149976	0.11319	-0.170356	-0.165519	0.137977	0.137619	-0.105127	-0.172337	-0.167488	0.173404	-0.167051	-0.164693	-0.0605817	-0.168526	-0.162897	0.130905	0.162336	0.146959	0.122552	-0.120227	-0.165014	0.12392	-0.115401	0.130968	0.180741	0.115169
14	0.110211	-0.129079	0.14829	-0.113749	-0.14088	0.144215	0.135337	0.17046	-0.0560137	-0.172708	-0.150942	0.147665	-0.165187	-0.140932	-0.0997481	0.14194	-0.124493	0.0213533	-0.169773	0.132287	0.120176	0.145417	-0.0869026	-0.143085	-0.147881	-0.154558	-0.170714	-0.169857	-0.121303	0.143869	-0.117117	-0.165729	0.127092	0.173312	-0.164947	-0.167473	-0.0640186	0.125642	0.117469	-0.151726	0.151705	0.154902	-0.115082	-0.137684	-0.165022	-0.112054	0.166977	-0.154145	0.178496	-0.162971
15	0.107103	0.165598	0.159663	-0.0885555	-0.142243	0.147769	0.142022	-0.156301	-0.0678351	-0.177315	0.111222	-0.121502	-0.169626	0.172751	-0.100576	-0.13804	-0.112482	0.0166387	0.122786	0.127529	-0.166072	-0.0673153	0.127259	-0.130968	-0.143951	-0.151437	-0.172181	-0.175834	0.164608	0.141154	-0.112315	-0.170575	-0.176514	-0.151621	0.153754	-0.174647	-0.0587038	0.133958	0.109379	-0.158122	0.157367	0.16381	0.143905	0.116624	0.147731	-0.106198	0.16789	-0.154517	0.181334	0.12986
16	-0.00316606	0.171442	0.153338	0.149921	0.104923	0.150852	-0.169385	0.174247	0.127948	-0.182403	0.0646874	-0.122165	-0.144567	0.172431	-0.0924988	-0.132729	0.161141	0.0145596	-0.167149	0.120058	-0.171451	0.153439	0.122353	-0.121216	0.154442	-0.150747	0.121612	-0.167666	0.193712	0.139431	-0.102631	-0.178846	0.13261	0.17405	0.146431	0.112647	-0.0614916	0.120273	-0.160429	-0.146496	0.158386	-0.151987	-0.124353	0.11446	-0.163214	0.121872	-0.0995863	-0.148919	0.179339	0.127218
17	0.0887825	0.156399	0.147151	0.10387	-0.123621	0.155498	-0.15314	-0.181836	0.123832	-0.168204	-0.139643	0.132252	0.0996728	-0.16253	-0.121445	-0.135447	-0.178122	0.00870741	-0.164406	0.112794	0.100794	0.145904	0.117947	0.106416	-0.142208	-0.168409	0.147815	0.158633	-0.12104	0.180465	-0.0951755	-0.159794	-0.160403	-0.162476	-0.161277	-0.158978	-0.0704563	-0.156119	0.099136	0.118422	0.148658	0.145996	-0.14409	-0.129697	0.15512	0.119399	0.162016	-0.144083	0.171614	0.15505
18	0.120304	-0.123629	-0.129692	0.134217	-0.154091	0.133049	-0.168432	0.183572	-0.0590454	-0.168347	-0.146169	0.158814	-0.17534	-0.135786	0.0472819	0.150327	-0.137866	0.0197349	-0.173881	0.15644	0.0851537	0.135431	-0.105163	-0.158711	-0.132861	-0.172856	0.136773	-0.176118	0.170697	0.163223	-0.135969	0.127262	-0.171975	-0.140038	-0.16036	0.12864	-0.0625196	0.113474	0.110063	-0.160744	0.151054	-0.148332	-0.127292	0.128381	-0.165606	0.148843	-0.0975229	0.123714	-0.172172	-0.167539
19	-0.0982865	0.162874	-0.121097	0.14243	-0.140498	-0.097974	-0.17793	-0.14371	-0.0673027	0.139911	0.116232	-0.124135	-0.168222	-0.144823	0.0888464	0.130815	-0.132912	0.0204507	0.123504	0.133264	-0.165341	-0.0692747	0.14408	0.10349	0.171968	-0.163727	-0.167078	-0.172885	0.15368	-0.135035	-0.115197	0.1256	0.146571	0.176838	-0.162581	-0.172865	-0.0576229	-0.164606	-0.165948	-0.16067	-0.106952	-0.140667	0.148652	-0.143016	-0.16722	0.137019	-0.134247	-0.161523	0.184259	-0.169438
20	0.0365302	-0.0445565	0.0105357	0.0489378	-0.0500958	-0.295893	0.0888028	0.0902894	-0.265715	0.0185509	-0.330579	-0.268746	-0.28619	-0.0970303	0.295962	0.0307194	-0.0811932	0.0466337	0.145053	0.323938	0.283192	-0.247723	0.329517	0.217336	-0.110462	-0.160045	-0.143713	-0.0625565	0.111061	-0.251463	0.0243846	-0.272513	-0.127183	-0.0799867	0.248965	-0.323139	-0.340138	-0.232936	-0.138966	-0.016447	-0.277146	0.230493	0.340092	0.264244	0.102469	-0.158436	-0.333777	-0.0102249	-0.298852	0.223927
21	0.268366	0.0469136	-0.0552963	0.250662	0.0854482	-0.116983	-0.129661	0.333821	-0.00478436	-0.0662731	-0.0384156	0.218799	-0.101807	0.326519	0.180726	-0.0170999	0.0842784	0.0175319	-0.180075	0.0814277	0.261383	-0.174771	-0.135986	-0.251823	-0.290508	-0.338112	0.243371	-0.0140697	-0.0535747	-0.337879	0.291363	0.0618067	0.205705	-0.333987	0.327648	-0.0218741	0.275358	-0.172049	0.210112	-0.0878142	0.305785	0.272987	-0.294235	0.0889923	-0.334993	-0.199453	-0.0127269	-0.298319	-0.308981	-0.129281
22	0.0201239	-0.27156	-0.0510972	0.0171699	0.310679	-0.0522282	-0.229223	-0.0717516	0.159477	-0.149757	0.228616	-0.117334	0.196901	-0.0161609	0.304887	0.232656	-0.190418	0.267582	-0.268534	-0.0656207	-0.150723	0.124365	0.183082	-0.331581	0.232593	-0.260594	-0.024256	-0.149508	0.0516629	-0.326975	0.282969	-0.231811	0.196822	0.214121	0.00748407	-0.0779271	0.176544	-0.219477	0.0923287	-0.0503312	0.22023	-0.0119975	-0.0487809	-0.245759	-0.342729	0.0671259	-0.125599	-0.319463	-0.114258	0.0269992
23	-0.289169	-0.26179	0.153244	0.0949618	0.0615364	-0.0491654	0.00622025	-0.103378	-0.250781	-0.247608	0.093731	0.147329	-0.0437677	-0.104628	-0.0599725	-0.0731069	-0.211064	-0.0581878	0.30728	-0.0701572	-0.103937	0.344552	-0.244169	-0.0866611	0.284679	0.111733	-0.0487772	0.0424121	-0.0451574	-0.246105	0.319325	-0.10357	-0.261442	-0.185494	0.0624323	-0.0123894	0.0290759	-0.166635	-0.0842587	0.24809	0.329128	-0.178389	0.179819	0.335709	-0.0754088	0.0911916	-0.121032	-0.320003	-0.315649	0.131841
24	-0.183374	0.0397971	0.135979	-0.000760979	-0.171517	0.179773	-0.0253161	0.0580569	-0.067374	-0.0132002	-0.145235	-0.227871	-0.165692	0.169505	-0.313977	-0.300847	0.249368	0.312534	-0.172773	-0.238796	-0.189116	0.134814	-0.0585555	0.0269456	0.0298042	-0.204409	-0.330232	-0.151763	0.29647	-0.0597481	-0.261664	0.201277	0.243115	0.100957	0.0339936	0.224954	-0.231614	0.301479	0.191699	-0.264783	0.187389	0.323833	-0.0781003	0.0937744	0.272348	0.100636	-0.228914	-0.0327642	-0.345423	-0.152253
25	0.2368	-0.166856	-0.112117	-0.0629595	-0.0700927	-0.00910367	-0.290013	-0.183363	-0.287211	-0.301683	-0.256784	0.135281	0.342006	0.205574	0.00757895	-0.242591	-0.148756	-0.091983	-0.0550565	0.139094	-0.318692	0.324588	0.26218	-0.254984	0.157621	0.0382088	-0.335398	-0.0165259	-0.134727	0.15462	0.336161	-0.203729	0.306481	-0.198443	-0.00342968	-0.311403	-0.093891	-0.317656	0.325906	-0.0436845	0.228175	-0.173223	-0.11224	0.0391252	0.154327	-0.146215	-0.0442464	-0.307497	0.195352	-0.333148
26	-0.311643	-0.100368	0.306837	-0.110243	0.0501723	0.059554	0.216861	-0.0359696	-0.147315	-0.234791	0.18636	0.143568	-0.151014	0.321802	0.124238	-0.234785	0.333074	-0.230292	-0.171831	0.109387	-0.134579	0.118541	-0.341592	0.0726251	-0.0263752	-0.227815	0.259255	-0.105752	-0.105825	0.243208	-0.0581866	-0.226578	0.0608472	0.136551	0.121093	0.304855	-0.20921	-0.0411122	0.100994	-0.116604	0.253438	-0.260465	-0.0869504	0.162788	0.251196	-0.143959	0.124482	0.169312	0.05445	0.21422
27	0.000457339	-0.144754	0.126872	-0.139152	0.256532	-0.0716121	0.283617	-0.198678	0.00855635	0.0359961	-0.0243054	0.0143922	-0.301836	0.153328	-0.300224	-0.328732	0.294561	0.326352	0.0700067	-0.133418	0.157731	0.154923	-0.0628075	-0.14638	-0.0440603	0.0945435	-0.209546	-0.0516129	-0.297724	-0.273001	0.049688	0.016699	-0.311726	-0.0719172	-0.209084	-0.22001	-0.227749	-0.074148	0.0613646	0.246978	-0.206677	0.334546	0.00684857	0.0357828	-0.274395	-0.307086	-0.332613	-0.249982	0.265665	-0.250104
28	-0.258289	-0.14026	-0.304333	0.0979499	-0.293612	-0.291704	0.186554	0.167519	-0.167915	-0.276703	-0.0151472	0.269089	0.168622	-0.0961679	-0.111128	0.296714	-0.0368847	0.126302	-0.234253	0.250469	0.282433	0.190334	-0.341795	-0.193891	0.140531	0.297951	-0.061085	-0.296639	-0.0133402	-0.112983	-0.180728	0.10322	0.0845696	-0.330873	-0.244646	0.071052	0.0170623	-0.0563851	0.129892	0.264001	0.0094153	0.0373504	-0.325461	-0.184108	-0.0853784	0.255866	-0.13247	-0.109199	0.0169268	0.110854
29	0.0651635	0.0483426	0.190471	-0.24817	-0.00574795	-0.108156	0.183213	-0.247816	-0.093631	-0.236129	0.334218	-0.0571201	-0.220552	-0.203669	-0.0475069	0.0646651	0.338146	0.0864493	0.28597	0.160429	-0.342565	-0.0801676	0.302148	0.015025	-0.101539	0.198285	-0.169722	-0.279055	-0.0713388	0.0649057	-0.327729	-0.0159765	0.152264	0.197682	0.0682642	0.0911076	0.153337	0.300763	0.287854	-0.225349	0.235567	-0.200012	0.0402421	0.124687	-0.0689833	-0.335797	-0.0685672	0.0842584	-0.286645	-0.190123
_neu	0	0.126372	0.162604	-0.170366	-0.116965	0.15833	-0.0958502	-0.159381	0.16307	0.123462	-0.128287	0.107077	-0.150268	-0.183297	0.181093	-0.0989203	-0.156723	-0.116825	0.0892975	-0.180237	-0.146821	0.127533	-0.089264	-0.0999001	-0.127611	0.156903	0.15676	-0.173213	0.147875	0.171364	-0.154895	-0.144783	-0.122867	-0.13744	0.135315	0.128126	-0.176735	0.0421891	-0.11844	-0.154686	0.0867196	-0.0965501	0.15537	-0.108077	0.134616	-0.184062	0.101159	0.122886	-0.181951	-0.159149	-0.180252
1	-0.138514	-0.125901	0.152299	-0.100857	-0.110417	-0.0801922	-0.161732	0.151507	0.133762	0.129943	0.123278	0.149914	-0.177156	0.172161	0.0861502	-0.149071	-0.140342	0.118845	-0.183428	-0.134589	0.092084	0.0527624	0.0930599	-0.147096	-0.125647	-0.170442	-0.143235	-0.191492	-0.121914	0.147316	-0.149406	-0.177906	-0.193005	0.181269	0.142483	0.0864704	0.0260418	0.0818597	-0.143549	-0.168394	-0.123422	0.15531	-0.113465	-0.145175	-0.177909	-0.135914	0.13725	0.127762	-0.178485	-0.190699
2	-0.153969	0.0925065	0.118887	-0.127466	-0.065462	-0.108695	-0.172495	0.13478	0.157101	-0.123968	0.145858	0.0763164	-0.177617	0.113595	0.0979492	-0.144002	-0.163239	0.0906705	-0.18538	-0.184469	-0.125134	-0.162022	0.0924756	-0.140061	0.0949415	-0.214097	-0.124154	-0.179616	0.132579	0.141113	-0.203537	-0.0723617	-0.188963	0.121331	-0.196359	-0.174128	0.0294292	-0.0910035	-0.135674	-0.0966955	0.119214	0.098187	0.12158	0.170496	-0.1922	0.081055	0.108454	-0.198638	0.126233	-0.191842
3	0.0715959	-0.160755	0.146115	-0.087911	0.14998	-0.0716961	-0.189874	-0.181964	-0.0922699	-0.191965	0.127641	0.136656	0.138274	0.16378	-0.066157	-0.145767	0.131174	0.0880395	-0.183184	-0.159653	-0.171876	-0.0999333	0.0799555	-0.138127	-0.0725094	0.115754	-0.171592	0.161388	0.127676	0.150701	-0.174902	0.14489	0.157681	0.189379	-0.178685	0.139657	-0.0869592	0.0751333	0.112875	0.149285	-0.0694507	0.183889	-0.109095	0.148105	0.151115	0.111846	-0.136419	-0.1548	0.177488	-0.187674
4	0.154663	0.153777	0.148371	0.0852812	-0.128597	-0.0214956	0.123133	-0.176841	-0.0509002	0.179658	0.116256	0.158628	-0.192376	-0.10736	0.0914557	-0.174994	-0.117185	-0.0429501	0.145876	-0.152829	0.0915806	0.0743934	0.168328	-0.182686	-0.0660655	-0.195101	-0.127546	-0.185444	0.129348	0.191522	-0.141578	0.144808	-0.157387	0.125297	0.136829	-0.134396	0.0302123	0.0983027	0.0985372	0.123486	0.184087	0.131125	-0.111926	-0.194662	0.191016	-0.126761	-0.161998	0.117745	-0.185027	0.184662
5	0.229531	-0.223802	-0.0630167	0.119742	-0.0983786	0.326019	-0.140199	0.190835	0.169338	-0.169129	0.276389	-0.084089	0.285298	0.0348686	0.283284	-0.278993	0.0403662	0.079081	-0.0286884	0.147563	-0.255179	-0.204895	0.276748	-0.17995	-0.0504824	-0.0324002	-0.198494	0.0818647	0.214563	0.258467	-0.313019	-0.328081	-0.303426	0.335519	-0.0851874	0.226739	0.247375	0.0482715	0.196977	-0.255419	0.24635	0.0369564	-0.0862228	0.339133	-0.049187	0.00304116	-0.129929	-0.201595	-0.341573	0.184339
6	0.327862	0.204445	-0.311757	-0.201177	0.164607	-0.334548	0.101952	0.0783528	-0.0712822	-0.276913	0.16533	0.114481	-0.214652	0.0289501	0.321166	0.0655184	-0.0261722	-0.310152	-0.254524	-0.0532293	0.312432	-0.261497	-0.120889	0.239466	0.136074	-0.197798	0.0788734	0.161297	0.0527426	0.053818	-0.0632486	-0.165587	-0.0239646	0.132333	-0.0461987	0.114768	-0.330963	-0.118651	-0.124264	0.0833541	-0.278595	-0.171662	0.232898	-0.179754	0.18802	0.0180011	0.156153	0.147506	-0.33924	-0.0281275
7	-0.217083	0.0336936	0.315763	-0.226546	0.324723	-0.0257353	0.230205	0.200857	-0.281772	0.262008	-0.0116651	-0.171728	-0.205804	-0.308999	0.0214145	0.181561	0.0232592	0.235508	-0.234337	0.241783	0.00840481	-0.308279	0.02528	-0.304674	0.332046	-0.00579254	0.225201	-0.153913	-0.32082	0.0307101	0.254339	0.110697	0.0146535	-0.0252033	-0.029813	-0.203376	-0.277393	-0.183563	-0.170588	0.313216	0.342444	-0.288809	-0.12694	0.194791	-0.118362	0.0693849	-0.162586	0.256084	-0.275219	-1.2658e-005
8	-0.301906	0.174312	0.198209	0.344548	-0.0460033	-0.338998	0.0310915	0.215549	0.266311	0.0666448	-0.285707	0.203662	-0.0843868	0.183464	-0.250762	-0.217764	0.0780999	0.101664	0.0226626	-0.00529085	0.299083	-0.043381	0.307449	0.339635	0.249507	-0.198438	-0.189331	0.245602	-0.163161	-0.0866488	-0.0742717	0.286457	-0.250885	0.145841	-0.203065	-0.327573	-0.33951	-0.284128	-0.0623659	-0.283052	0.334333	0.193932	0.0463979	0.115591	-0.0766676	-0.0791217	0.0271795	-0.185368	-0.290122	-0.0570137
9	0.0570687	-0.301495	-0.113141	-0.0123745	-0.298786	0.167651	-0.0717513	-0.278349	0.232207	-0.157825	0.0859457	-0.249818	-0.238554	0.241043	-0.144888	0.276748	-0.111503	-0.190705	0.336896	0.196886	0.312832	0.156091	0.105847	0.0885429	0.113879	0.255028	-0.175835	0.0928821	0.157096	0.0841603	-0.331999	0.306999	-0.302671	-0.150649	-0.0419338	0.22349	0.343703	0.333296	0.144738	-0.011094	0.0650684	0.213583	0.304612	0.0168664	0.0992951	0.0491333	0.298934	0.341118	-0.175275	-0.228551
10	0.0576668	-0.291026	-0.31424	0.0728989	0.296739	-0.0425068	-0.298377	0.0711805	0.204041	-0.262579	-0.206122	0.256579	-0.284397	-0.244643	-0.145898	0.32949	0.146029	0.135196	0.244426	0.242457	-0.290476	0.290752	-0.0398934	0.289465	-0.133661	-0.0754808	0.0745992	0.242514	0.324146	-0.233513	-0.00331144	0.307161	0.0149168	-0.0253582	-0.296762	-0.260667	-0.109295	-0.33858	0.326495	0.0526016	-0.0831502	0.317197	0.324561	0.344064	-0.0376562	-0.0326681	-0.294012	-0.0180117	-0.262389	0.232859
11	-0.162249	0.340391	-0.141938	-0.0318245	0.221799	0.0387008	-0.123313	-0.276505	-0.138079	0.313775	0.213556	-0.28744	-0.243802	-0.260153	-0.33126	0.29164	0.280047	-0.226161	0.296451	0.1002	-0.305099	0.341318	0.241321	0.177355	0.0184155	0.0123943	0.171356	0.19725	0.163751	0.0747711	-0.248264	-0.0126006	-0.0955344	0.0330489	0.0937416	0.0942208	0.115359	-0.223388	-0.290887	0.0105264	-0.0177544	0.101861	-0.0964301	0.299778	0.187186	0.20344	0.211293	0.304077	0.291681	-0.244443
12	-0.195103	-0.251191	0.0165663	0.0402224	0.0312817	0.0878184	0.262414	-0.0334117	-0.240521	0.046027	-0.286893	0.143682	0.168109	-0.0910449	0.186119	-0.234398	0.266355	0.00995766	-0.0547158	0.164857	-0.223663	0.343107	-0.0827272	-0.20784	-0.322984	-0.0834994	-0.051358	0.021419	-0.282992	0.0024603	0.3457	0.302869	-0.175315	0.199903	-0.309345	-0.0157754	-0.127275	-0.220711	0.0187318	-0.12764	-0.12445	0.153631	-0.0424225	0.0709859	-0.0728068	0.161244	0.0777972	0.329644	-0.120727	0.0955482
13	-0.33039	0.133117	0.14468	-0.0676302	0.188029	-0.08354	0.16308	0.0688102	0.124415	-0.0579436	0.0708398	-0.276219	0.0104607	0.302118	0.0324377	-0.0715425	0.234115	-0.0310477	0.00509584	0.0217541	-0.0184998	-0.25807	-0.0636967	0.120936	0.0758251	0.0854097	-0.298445	-0.131214	0.0139304	0.0919476	0.167991	-0.307938	0.285591	0.34303	-0.158821	-0.27853	0.276195	-0.0326511	0.258969	-0.162092	0.0663974	-0.325593	0.0400837	0.151304	-0.106457	-0.321073	-0.241684	-0.16563	0.0461309	0.136517
14	0.321548	-0.146905	-0.194285	-0.0661252	-0.295001	-0.104891	0.285689	0.0691755	-0.182722	-0.11186	0.0824247	-0.155937	-0.0569833	-0.127477	-0.327158	-0.275682	0.317835	0.307142	0.00995454	-0.216227	-0.0989301	0.0370335	0.165598	-0.0332143	0.123991	0.236423	0.256084	0.0908788	0.0645837	-0.221763	-0.0492327	0.282568	-0.324073	0.0432338	0.185486	-0.232428	-0.015989	-0.230133	-0.234168	0.251011	0.254066	0.0366238	0.0248703	0.0312048	-0.253017	-0.0220632	0.214301	0.32428	-0.0911544	-0.138744
15	0.256671	0.243961	0.0649881	-0.252611	-0.22609	-0.164573	-0.217281	-0.0303977	0.320021	0.0779141	0.281359	-0.0329075	-0.267109	-0.143605	0.0397846	0.322937	0.0829672	0.294378	-0.156263	-0.307622	0.119691	-0.179641	-0.047617	-0.214843	-0.0708062	0.0593451	-0.223877	-0.304248	-0.210479	-0.313085	0.0661916	-0.326611	0.151666	-0.19876	-0.00566845	-0.217743	-0.0248178	0.0286688	0.208381	-0.312208	-0.346309	-0.0879632	0.0853061	0.261554	0.216588	0.0392881	0.267009	0.0765084	0.192332	0.140891
16	0.0866152	-0.0437076	-0.166892	-0.301295	0.277573	0.336677	0.229763	-0.319165	-0.119772	-0.247386	0.0886396	-0.140415	-0.183069	-0.006127	-0.130455	0.0266372	-0.028093	-0.0843629	0.121245	0.255522	0.168252	0.0743415	0.250316	0.211629	0.192206	0.175858	-0.198978	0.280539	0.250669	-0.272551	0.168514	-0.334353	-0.216978	-0.183977	-0.183236	-0.231666	0.170122	-0.223538	0.321728	-0.312711	0.25551	-0.164071	-0.315928	-0.228092	-0.0797743	0.0338228	-0.0688118	0.0662791	-0.0658785	0.26793
17	-0.0896301	-0.121296	0.161604	0.080559	0.292612	-0.136968	0.278661	0.26344	0.00314014	-0.317025	0.230295	0.0457652	0.0128856	0.266527	-0.26467	0.257999	-0.0578803	0.257953	0.302553	0.000333955	-0.0534073	-0.168922	0.0589193	-0.0204773	0.265872	0.0856048	0.0958904	0.0435718	-0.181578	0.105553	0.163782	-0.0796231	0.0799856	-0.00711123	0.341415	-0.303027	-0.304704	0.177469	-0.325127	0.0384964	-0.0850735	-0.225672	0.0990163	0.0693192	0.0732003	0.223605	-0.293177	-0.156146	-0.265826	-0.335837
18	0.308151	-0.213673	-0.114789	0.210954	0.179488	-0.129179	-0.286323	-0.269664	-0.282512	-0.0729881	0.0521453	-0.0165311	-0.0955044	-0.313759	0.328385	-0.0392482	-0.178664	-0.0466667	0.105187	0.0413041	0.135883	0.054483	-0.332311	-0.342574	0.0963015	-0.124745	-0.34203	0.241879	-0.192967	0.252838	-0.24275	0.294153	0.166619	0.337465	-0.120955	-0.113489	-0.225771	0.236471	-0.282439	0.0605596	-0.109462	-0.0654811	0.114145	-0.114629	0.131848	0.0323221	0.00737713	0.184167	0.139883	0.147305
19	0.0513827	0.0728969	0.299033	-0.174384	-0.260991	0.167221	0.11526	-0.112904	-0.192191	-0.0128534	-0.200781	0.0465207	0.229167	-0.0482953	0.204063	-0.261039	0.0161069	0.342141	-0.267845	0.0710778	0.235602	0.00597703	-0.0115017	-0.0300152	-0.167438	0.34309	0.0894251	-0.306559	0.200853	0.0258319	-0.28205	-0.0768983	-0.204938	-0.148569	-0.159055	-0.0946465	0.260237	-0.28632	-0.297419	0.182007	-0.168729	0.164428	-0.207084	0.211396	0.328565	0.251124	-0.292635	-0.113362	0.0379234	-0.0553831
20	-0.096945	0.101289	0.186592	0.228268	-0.268712	0.283785	0.0747607	0.156352	0.0600553	-0.17074	0.260643	-0.112423	0.0940495	-0.0360117	-0.0562183	-0.00469066	0.170282	-0.192111	0.323377	-0.175403	0.137014	-0.202129	0.0760468	-0.253384	0.244202	0.00185419	0.273305	-0.310925	-0.304528	0.251393	0.0324421	0.178289	-0.209677	0.0144874	0.221451	-0.342908	-0.121993	0.0870136	-0.0239375	-0.143078	-0.0198333	-0.132641	-0.115002	-0.175079	-0.310922	-0.0858638	0.0659016	0.0837152	0.270764	0.0866599
21	0.0596315	0.295621	0.272429	0.19743	-0.14929	0.131552	-0.123008	-0.288496	-0.0651524	-0.120115	0.148066	-0.0422554	-0.258789	0.102771	-0.0634312	-0.155437	-0.0482297	0.339791	0.148574	0.322781	-0.288969	0.32303	0.132502	0.274621	-0.188611	0.239758	0.0415493	-0.235968	0.0761374	0.0421678	0.165434	0.255902	-0.0532702	-0.116841	0.00191423	-0.274189	0.195856	0.292169	-0.159813	-0.0195589	0.223853	0.0129975	0.00565332	-0.137789	-0.0549807	-0.183184	-0.154794	-0.0282575	0.028448	-0.179679
22	-0.0835305	0.202264	-0.19935	0.00802349	-0.239308	-0.214196	-0.261956	-0.198077	0.265178	-0.149376	0.235668	0.142713	0.223692	0.176232	0.115896	-0.231458	0.257799	-0.154266	-0.272826	0.24069	0.243318	-0.283367	0.318963	0.317097	-0.0592625	-0.217827	-0.307427	-0.234384	0.0588262	-0.263012	0.0630976	0.146064	0.287232	-0.0242652	-0.273379	-0.209911	-0.159618	0.253433	-0.290342	0.29893	-0.179961	0.164464	-0.233546	0.31087	-0.224278	0.0546864	-0.340846	0.0938399	0.240394	0.287965
23	0.17808	0.335668	0.156827	0.252953	-0.254783	-0.0183506	0.279422	-0.118693	-0.235337	0.0479633	0.0808409	0.213409	0.0138173	0.246661	-0.0584787	0.239988	0.00996982	0.201014	0.307918	-0.280574	0.117279	-0.292207	-0.101756	-0.343183	0.31525	0.125865	-0.116256	-0.248099	0.093433	-0.0380555	0.189188	-0.256012	0.164286	-0.103559	-0.309711	-0.19543	-0.240305	-0.0718616	0.308592	-0.0230269	-0.0971648	-0.276611	-0.238958	0.0491702	0.185041	0.0910119	-0.0151236	-0.140324	0.132419	0.0405461
24	0.0605289	0.0362856	0.312695	-0.18391	-0.0400907	-0.296126	-0.281625	0.206057	-0.122019	0.16767	-0.182105	0.207745	-0.00273108	0.022945	0.0335663	-0.0255318	-0.00746057	-0.295643	-0.112562	0.0388707	-0.338449	0.232868	0.195038	0.276328	-0.0115598	0.317317	-0.157995	-0.00564578	-0.209245	0.124394	-0.0779534	-0.159507	-0.272601	-0.0611872	-0.00577927	-0.0135874	-0.188471	-0.0502574	0.315428	0.13061	0.127815	-0.222948	-0.34331	-0.0659299	-0.0958535	-0.183619	-0.212748	-0.110914	-0.212464	0.245945
25	-9.16966e-005	-0.15031	-0.296376	-0.226467	-0.31	0.0735113	-0.0799506	-0.333901	-0.0180165	-0.0744107	-0.22808	-0.101186	0.246322	-0.213778	0.284156	-0.106151	-0.100715	-0.0721009	0.298797	-0.307847	-0.0572736	-0.174894	-0.0365741	0.172683	0.087398	-0.0241487	-0.19707	0.24062	-0.226904	-0.00110642	0.224157	-0.00905453	0.314965	-0.0643193	0.0681366	0.148305	-0.13867	-0.0934691	-0.24794	-0.138661	-0.129787	0.199997	-0.00535253	-0.220289	0.240525	-0.28328	0.281588	0.0218364	-0.273863	-0.304018
26	-0.157372	-0.0391677	0.247048	0.254368	-0.245742	-0.170421	-0.144333	0.128716	-0.0668699	-0.0128359	-0.00748538	0.316046	0.026316	-0.0742326	0.0112074	-0.167271	0.0419301	-0.211096	-0.242266	0.220601	0.0270634	0.244044	-0.188809	0.0936788	0.178817	0.0174191	0.0792404	-0.182645	0.00247951	0.0967533	0.21227	-0.307444	-0.0184847	0.0535101	-0.242489	-0.0416816	0.216112	0.340355	0.132004	-0.158044	0.187876	0.172378	0.100377	-0.186521	0.342893	-0.00229424	-0.000641537	0.115919	-0.0488489	0.244666
27	0.159981	-0.271168	0.248514	-0.19116	-0.237112	-0.0781486	-0.302071	-0.17699	0.28341	-0.072885	0.0760794	0.239084	-0.329727	-0.0269031	-0.170825	0.307094	0.120914	-0.0982623	0.332791	0.180048	-0.337988	0.296923	0.113795	0.180545	0.0980784	-0.110924	-0.102198	-0.192471	0.150816	0.321116	-0.224538	-0.0527075	0.116798	0.262078	0.26614	-0.0248261	0.0298443	0.346257	-0.342436	0.139638	0.334797	0.231366	0.0923952	0.222807	0.223278	0.2467	0.23132	0.0193122	-0.133605	0.0102514
28	0.127232	0.248495	0.308999	0.249983	0.296858	-0.257571	0.333371	0.208549	-0.160057	-0.00473238	-0.00931601	0.330584	-0.158992	-0.246638	-0.283825	-0.159372	0.276174	-0.262328	-0.122768	0.296514	0.123959	0.178458	0.0615242	-0.123724	-0.0122505	0.168364	0.183873	-0.12398	0.301625	0.219915	-0.0521296	-0.137	-0.031098	-0.28651	0.12577	0.189689	0.283755	0.320753	0.114768	0.0912572	0.27887	0.161775	0.0831591	-0.319791	0.127495	0.172972	0.08528	0.29536	0.128429	-0.177041
29	0.30239	-0.258455	0.124213	0.189763	0.330975	-0.259969	0.0450335	-0.150181	0.289551	-0.0442483	0.193004	0.206652	0.280161	0.0783661	-0.119199	0.167711	0.28281	0.258089	-0.032468	0.260642	-0.209917	-0.104181	0.285002	0.25426	-0.0466547	0.330716	0.268205	-0.0157795	-0.0735802	0.339382	0.019117	-0.0815373	-0.122308	-0.310593	-0.275373	0.0775066	0.278492	-0.338358	0.200591	0.0803491	0.2385	-0.15143	-0.288069	0.316388	-0.261279	0.235553	0.232331	0.0861744	0.218522	0.250854
